1.000000000000000000e+04
1.020000000000000000e+04
1.040000000000000000e+04
1.060000000000000000e+04
1.080000000000000000e+04
1.100000000000000000e+04
1.120000000000000000e+04
1.140000000000000000e+04
1.160000000000000000e+04
1.180000000000000000e+04
1.200000000000000000e+04
1.220000000000000000e+04
1.240000000000000000e+04
1.260000000000000000e+04
1.280000000000000000e+04
1.300000000000000000e+04
1.320000000000000000e+04
1.340000000000000000e+04
1.360000000000000000e+04
1.380000000000000000e+04
1.400000000000000000e+04
1.420000000000000000e+04
1.439900000000000000e+04
1.459700000000000000e+04
1.479200000000000000e+04
1.498400000000000000e+04
1.517200000000000000e+04
1.535400000000000000e+04
1.553000000000000000e+04
1.569900000000000000e+04
1.586100000000000000e+04
1.601400000000000000e+04
1.615800000000000000e+04
1.629200000000000000e+04
1.641600000000000000e+04
1.652900000000000000e+04
1.663200000000000000e+04
1.672400000000000000e+04
1.680500000000000000e+04
1.687600000000000000e+04
1.693700000000000000e+04
1.698800000000000000e+04
1.703000000000000000e+04
1.706500000000000000e+04
1.709300000000000000e+04
1.711500000000000000e+04
1.713300000000000000e+04
1.714800000000000000e+04
1.716200000000000000e+04
1.717600000000000000e+04
1.719100000000000000e+04
1.720900000000000000e+04
1.723100000000000000e+04
1.725900000000000000e+04
1.729400000000000000e+04
1.733600000000000000e+04
1.738700000000000000e+04
1.744800000000000000e+04
1.751800000000000000e+04
1.759900000000000000e+04
1.769000000000000000e+04
1.779100000000000000e+04
1.790200000000000000e+04
1.802300000000000000e+04
1.815400000000000000e+04
1.829300000000000000e+04
1.844100000000000000e+04
1.859600000000000000e+04
1.875800000000000000e+04
1.892600000000000000e+04
1.910000000000000000e+04
1.927800000000000000e+04
1.946000000000000000e+04
1.964600000000000000e+04
1.983500000000000000e+04
2.002600000000000000e+04
2.021900000000000000e+04
2.041400000000000000e+04
2.061000000000000000e+04
2.080700000000000000e+04
2.100500000000000000e+04
2.120300000000000000e+04
2.140200000000000000e+04
2.160100000000000000e+04
2.180000000000000000e+04
2.200000000000000000e+04
2.220000000000000000e+04
2.240000000000000000e+04
2.260000000000000000e+04
2.280000000000000000e+04
2.300000000000000000e+04
2.320000000000000000e+04
2.340000000000000000e+04
2.360000000000000000e+04
2.380000000000000000e+04
2.400000000000000000e+04
2.420000000000000000e+04
2.440000000000000000e+04
2.460000000000000000e+04
2.480000000000000000e+04
