8.752857142857143335e-01
9.633802816901408939e-01
3.045138888888888618e-01
7.130821917808218835e-01
1.527027027027027042e-02
6.373333333333333628e-02
8.118421052631578927e-02
1.973376623376623396e-01
4.865384615384615169e-02
9.275316455696202000e-01
8.439375000000000071e-01
9.913580246913580862e-02
9.788414634146341831e-01
7.033734939759036520e-01
9.846428571428571530e-01
9.608823529411765207e-01
5.823255813953488458e-01
1.075287356321839027e-01
9.732386363636363891e-01
9.820786516853932113e-01
9.913888888888888751e-01
3.625274725274725274e-01
9.379314093157237187e-01
1.433641643364164386e-01
9.574218957900899607e-01
9.424069975761407703e-01
5.681331872031730734e-01
9.258378154737277876e-01
5.697072245295595749e-01
9.969989827060020682e-01
1.575785115621528842e-01
9.644433299899699552e-01
3.394477120925132319e-02
9.840356965790778565e-01
9.621496249506513720e-01
5.854102148159071595e-01
5.372666241975793122e-01
6.829292139225655311e-02
9.572962420693020835e-01
9.385147983811984451e-01
5.417763478599980642e-01
1.006047010631034855e-01
9.565047595801806635e-01
9.616682149317948847e-01
6.927787575935724362e-01
9.617443402249177264e-01
5.158558203663581310e-01
2.868289792088498102e-01
4.923221715870814141e-01
9.716798330600685540e-01
5.307454654175802755e-01
9.997001948733322818e-01
9.539170506912442171e-01
6.705817396978366873e-02
6.072793082646289753e-02
9.752918679549114067e-01
9.796113572291582638e-01
3.357994866374754417e-01
9.564036807965001774e-01
4.688755020080321440e-02
5.666850302999949518e-01
9.999500723950272008e-01
3.119124595871673455e-01
9.997524139638523932e-01
5.678884619174302539e-01
3.147504041542154574e-01
9.999513121378840186e-01
7.093731863029599793e-01
1.000000000000000000e+00
4.414148155210220054e-02
3.607681755829904025e-01
9.769122477709994978e-01
5.632767046776820941e-01
1.000000000000000000e+00
1.000000000000000000e+00
9.780823161047329517e-01
1.916587933594277385e-02
1.000000000000000000e+00
3.361783045151019444e-01
3.816475952474900346e-01
7.076849517517169730e-01
1.760472332356490255e-01
1.000000000000000000e+00
2.559213592644379517e-02
9.663865546218487756e-03
9.980833333333333224e-01
5.876033057851239860e-01
1.381147540983606592e-01
1.000000000000000000e+00
9.981451612903226023e-01
1.716799999999999993e-01
9.789285714285714812e-01
3.648425196850393903e-01
1.000000000000000000e+00
7.082170542635658483e-01
9.868461538461538174e-01
9.789312977099237090e-01
9.787121212121212555e-01
1.000000000000000000e+00
1.000000000000000000e+00
