1.225400000000000000e+04
1.368000000000000000e+04
4.385000000000000000e+03
1.041100000000000000e+04
2.260000000000000000e+02
9.560000000000000000e+02
1.234000000000000000e+03
3.039000000000000000e+03
7.590000000000000000e+02
1.465500000000000000e+04
1.350300000000000000e+04
1.606000000000000000e+03
1.605300000000000000e+04
1.167600000000000000e+04
1.654200000000000000e+04
1.633500000000000000e+04
1.001600000000000000e+04
1.871000000000000000e+03
1.712900000000000000e+04
1.748100000000000000e+04
1.784500000000000000e+04
6.598000000000000000e+03
1.725700000000000000e+04
2.666000000000000000e+03
1.798900000000000000e+04
1.788500000000000000e+04
1.088600000000000000e+04
1.790200000000000000e+04
1.111100000000000000e+04
1.960100000000000000e+04
3.121000000000000000e+03
1.923100000000000000e+04
6.810000000000000000e+02
1.984800000000000000e+04
1.949700000000000000e+04
1.190900000000000000e+04
1.096400000000000000e+04
1.397000000000000000e+03
1.961500000000000000e+04
1.924800000000000000e+04
1.111400000000000000e+04
2.063000000000000000e+03
1.959400000000000000e+04
1.966900000000000000e+04
1.414100000000000000e+04
1.958400000000000000e+04
1.047600000000000000e+04
5.808000000000000000e+03
9.939000000000000000e+03
1.955700000000000000e+04
1.065100000000000000e+04
2.000700000000000000e+04
1.904400000000000000e+04
1.336000000000000000e+03
1.208000000000000000e+03
1.938100000000000000e+04
1.945900000000000000e+04
6.672000000000000000e+03
1.902000000000000000e+04
9.340000000000000000e+02
1.131500000000000000e+04
2.002800000000000000e+04
6.271000000000000000e+03
2.019000000000000000e+04
1.152700000000000000e+04
6.425000000000000000e+03
2.053800000000000000e+04
1.466700000000000000e+04
2.082300000000000000e+04
9.260000000000000000e+02
7.627000000000000000e+03
2.081800000000000000e+04
1.210200000000000000e+04
2.166500000000000000e+04
2.184900000000000000e+04
2.155400000000000000e+04
4.260000000000000000e+02
2.241900000000000000e+04
7.602000000000000000e+03
8.705000000000000000e+03
1.628100000000000000e+04
4.085000000000000000e+03
2.340200000000000000e+04
6.040000000000000000e+02
2.300000000000000000e+02
2.395400000000000000e+04
1.422000000000000000e+04
3.370000000000000000e+03
2.460000000000000000e+04
2.475400000000000000e+04
4.292000000000000000e+03
2.466900000000000000e+04
9.267000000000000000e+03
2.560000000000000000e+04
1.827200000000000000e+04
2.565800000000000000e+04
2.564800000000000000e+04
2.583800000000000000e+04
2.660000000000000000e+04
2.680000000000000000e+04
