1.134733628149435569e+00
1.425258495246182644e+00
2.532698324870650719e+00
1.758148495021034652e+00
3.517530741867305633e+00
3.908630122456111078e+00
4.017418275502991243e+00
2.439591976361977999e+00
3.843178686311361503e+00
1.430095652808985429e+00
1.664181848124873131e+00
3.709763901967851218e+00
2.014024154978074410e+00
9.778090755927214550e-01
2.161690133844517803e+00
2.241823248921053224e+00
2.578820511097339896e+00
4.157485080999982152e+00
1.483157339646867356e+00
1.641017672527178117e+00
1.520634625544170504e+00
1.626170245381047597e+00
1.518212619740628488e+00
3.018845904427531757e+00
1.318274003321219023e+00
1.702466078753565260e+00
2.001273313101560980e+00
1.369646733331458144e+00
1.995730447594308954e+00
1.753471147767609484e+00
3.889951946422946172e+00
1.969154607724076467e+00
5.768151401288415414e+00
1.251889061666580760e+00
1.177195011385264278e+00
2.247394859672641854e+00
2.208016425591478260e+00
4.762319751898465903e+00
1.658862745140903261e+00
1.794274575492347923e+00
2.252405454707442800e+00
4.468172143319318224e+00
1.695496146596586762e+00
1.225754581929336284e+00
2.145851289187938438e+00
1.757316826490464390e+00
1.405854344154024105e+00
2.701285953363447678e+00
2.293618854781594774e+00
1.674210613846562223e+00
2.256208039469874915e+00
1.345807054952353976e+00
1.891768931720907432e+00
4.729056054433151246e+00
3.703478067118007200e+00
1.829431644886771346e+00
1.293954440765317404e+00
1.768033700317709345e+00
1.411356164517426848e+00
3.945873989537163951e+00
1.625083410956789320e+00
1.183962495482651089e+00
1.567208183881593220e+00
1.298325315105143707e+00
1.681556158599067485e+00
1.471741364770986271e+00
1.289307132344043261e+00
1.287014088702599368e+00
2.202592057492698707e+00
4.820070887692687656e+00
2.128405846128197609e+00
1.194245874740252455e+00
2.129008057889191008e+00
2.096708344889612885e+00
1.257801991927999463e+00
1.270523897658883961e+00
4.978734371401325909e+00
1.253035393818304755e+00
1.761395483476983381e+00
2.367427227941723000e+00
1.372936979489018716e+00
3.056673186429098354e+00
1.247989919889371357e+00
5.247714415373408769e+00
2.616103123992293167e+00
1.382472133333554343e+00
1.791837348690603848e+00
3.471133488927982125e+00
1.360985923730558156e+00
1.238762354465453353e+00
3.306769892774939823e+00
1.235590499848495005e+00
1.796199942595345878e+00
1.348874180909006126e+00
1.365905055775827215e+00
1.362388787885477459e+00
1.396825794399109588e+00
1.183540593531369423e+00
1.370887207045304201e+00
1.139186495767405161e+00
